GOSC1
33.0
26.0
N/A
30.0
29.0
29.0
37.0
41.0
37.0
55.0
44.0
19.0
23.0
19.0
27.0
31.0
35.0
22.0
46.0
33.0
42.0
27.0
44.0
43.0
PIHC1
42.0
37.0
42.0
39.0
37.0
23.0
36.0
41.0
37.0
56.0
37.0
34.0
51.0
36.0
27.0
40.0
53.0
60.0
36.0
51.0
46.0
33.0
37.0
34.0
SRUC1
41.1
26.0
34.0
35.0
34.0
27.0
46.0
48.0
38.0
39.0
42.0
28.0
28.0
21.0
25.0
27.0
31.0
25.0
28.0
26.0
33.0
27.0
31.0
29.0
DENC1
48.0
33.0
39.0
44.0
37.0
36.0
37.0
42.0
47.0
60.0
42.0
46.0
45.0
45.0
30.0
52.0
50.0
52.0
54.0
31.0
59.0
38.0
46.0
35.0
POTC1
44.0
38.0
52.0
48.0
41.0
33.0
44.0
48.0
52.0
69.0
38.0
34.0
41.0
38.0
36.0
54.0
51.0
36.0
45.0
31.0
44.0
32.0
41.0
34.0
MIGC1
30.0
23.0
18.0
20.0
19.0
30.0
30.0
27.0
35.0
40.0
32.0
16.0
22.0
15.0
22.0
26.0
25.0
26.0
32.0
29.0
36.0
21.0
33.0
29.0

