29.0
52.0
52.0
29.0
43.0
27.680000000000003
27.680000000000003
32.0
58.0
76.0
76.0
59.0
59.0
66.0
44.0
33.0
50.0
69.0
28.0
43.0
16.0
44.160000000000004
19.0
29.439999999999998
14.719999999999999
37.0
26.0
37.0
36.0
41.0
41.0
27.0
37.0
33.0
32.0
33.0
33.0
33.0
33.0
33.0
33.0
36.0
56.0
46.0
36.0
42.0
37.0
27.0
42.0
36.0
36.0
31.0
31.0
33.0
41.0
41.0
27.0
46.0
25.0
55.0
37.0
44.0
44.0
44.0
44.0
38.0
31.0
49.0
34.0
35.0
35.0
34.0
28.0
29.0
27.0
25.0
26.0
21.0
52.0
37.0
59.0
26.0
59.0
38.0
59.0
59.0
59.0
34.0
66.0
58.0
18.0
56.0
51.0
58.0
48.0
58.0
58.0
58.0
50.0
69.0
51.0
41.0
58.0
58.0
69.0
58.0
58.0
53.0
35.04
35.04
51.52000000000001
51.52000000000001
33.0
48.0
36.0
59.0
59.0
59.0
60.0
53.0
24.0
35.0
40.0
26.0
26.0
26.0
29.0
29.0
33.0
58.0
48.0
48.0
60.0
60.0
50.0
52.0
52.0
50.0
50.0
50.0
43.0
35.0
53.0
53.0
44.0
41.0
37.0
52.0
37.0
52.0
50.0
50.0
45.0
26.0
28.0
35.04
51.52000000000001
46.080000000000005
57.120000000000005
42.400000000000006
41.0
40.0
40.0
26.0
34.0
