ANESD 32.82697 -116.77332 1823
ARHSD 33.03983 -116.95800 1479
BAJC1 32.6675 -116.699444 2395
BNASD 32.93497 -116.87588 1320
BRGSD 33.262 -116.3481 720
BVDSD 32.66213 -116.28888 3404
BVYSD 32.86830 -116.84252 1192
CAPSD 33.55760 -117.54654 505
CBDSD 33.13737 -117.32715 72
COYSD 33.25844 -116.58518 3815
CSTSD 32.81154 -116.85324 1486
CWDSD 32.700800 -116.368300 4088
DENSD 32.85883 -116.61182 3393
DHVSD 32.68695 -116.76221 2385
DLZSD 33.45839 -117.29735 606
DMHSD 32.964 -117.223 295
ESCSD 33.15917 -117.03133 723
EWNSD 33.2265 -116.612 3242
FBKSD 33.35471 -117.16720 953
GOSSD 33.07279 -116.84494 1536
HHCSD 33.22441 -116.92354 2001
HIDSD 33.23996 -117.04519 1422
HVWSD 33.06714 -116.99011 1139
HVYSD 33.02928 -116.93516 1358
34.1 -117.78333 1010
LAGSD 32.84538 -116.47192 5030
LLCSD 33.277111 -117.069299 1304
LLDSD 32.80554 -116.78794 1375
LPTSD 32.7138 -116.404 4000
LSVSD 32.73616 -116.82239 1591
MGRSD 32.98626 -116.90810 1594
MGYSD 33.22329 -116.69879 2803
MIGSD 32.68471 -116.98005 500
MORSD 32.68839 -116.51179 3085
MPESD 32.85239 -117.11801 446
MVNSD 32.781 -117.138 206
OLVSD 33.0801 -117.13 1167
OTYSD 32.72022 -116.92783 863
PAMSD 33.35214 -116.86286 5483
PAUSD 33.37111 -117.07894 411
PTMSD 33.41921 -117.08186 1292
PVDSD 32.81324 -116.73412 1841
RAMSD 33.07300 -116.85802 1514
RBHSD 33.41396 -117.12595 1869
RBVSD 33.401221 -117.170167 1087
RINSD 33.28779 -116.95642 1065
RNBSD 33.41892 -117.14413 1058
RSFSD 33.03333 -117.18956 249
SPPSD 32.99948 -116.78854 1684
SRHSD 32.80849 -116.50830 4010
SYCSD 32.91431 -117.02959 1038
TLKSD 33.22617 -117.07559 1249
VJSSD 32.84559 -116.70437 2345
VLCSD 33.23563 -117.00680 1432
WALSD 32.83013 -116.80397 1554
WPTSD 32.61225 -116.61333 2302
WRBSD 33.0311 -117.122 749
YSASD 33.11312 -116.67182 3010
