Max cost, Total cost, Insurer, Utility, Ratepayer
188.754041027319, 188.754041027319, -30.6229794863407, -50.0, 269.377020513659
271.597695153591, 339.497211882012, 34.748605941006, -30.0, 334.748605941006
7005.89108801399, 7903.83410108682, 793.233882081773, 211.475248909292, 6899.12497009576
117.809651812919, 146.736758474122, -56.631620762939, -40.0, 243.368379237061
268.37123625541, 507.127991712173, 99.8186171941986, 7.49075732377613, 399.818617194199
163.057473519176, 520.135821999883, 101.585077465105, 16.9656670696737, 401.585077465105
3552.50504030384, 3979.56453320801, 564.298479845655, 111.087785228043, 3304.17826813431
8764.09776092479, 8997.58404398823, 466.825598558699, 199.835085946039, 8330.92335948349
2209.58910240274, 2346.97158740352, 426.091528841129, 30.6788824386532, 1890.20117612373
40.9394135660458, 161.945314396177, -69.0273428019113, 0.0, 230.972657198089
12.3489235716594, 12.3489235716594, -118.82553821417, -50.0, 181.17446178583
110.292653326914, 251.758010813499, -14.1209945932504, -20.0, 285.87900540675
110.437537219023, 154.168018666403, -61.3134115839816, -23.2051581656337, 238.686588416018
6326.51847635212, 9077.88385145985, 1242.74372684903, 195.293896070483, 7639.84622854034
959.169211193878, 1030.22648191111, 366.165053592684, -2.1036252742566, 666.165053592684
4670.50235529494, 4708.41113117589, 383.954387940475, 138.525117764747, 4185.93162547067
186.371730861869, 387.697608043636, 45.4431043956884, -3.18860074774114, 345.443104395688
301.713268693064, 444.251402177873, 82.6227460618981, -20.9940899459235, 382.622746061898
275.680918859874, 289.980060617001, 12.8404594299371, -35.7008582428728, 312.840459429937
261.02015851015, 446.757886517443, 73.3789432587216, 0.0, 373.378943258722
4804.12422170999, 7480.696670797, 1000.9816422189, 200.43666931796, 6279.27835926014
1446.2650549631, 1750.81471827921, 517.274831658051, -20.0, 1253.53988662116
28.470776585303, 48.9517801906823, -108.926243169086, -33.1957334711452, 191.073756830914
41.0086383231271, 41.0086383231271, -104.495680838436, -50.0, 195.504319161564
143.87215570052, 185.464006356437, -47.2679968217814, -20.0, 252.732003178219
694.147976856124, 1841.83135362163, 761.504146398008, 18.8230608256197, 1061.50414639801
674.200721093504, 963.817074431504, 337.126824913128, -10.4365753947526, 637.126824913128
3119.66671522948, 3487.31835294446, 536.087791459127, 86.4593905581997, 2864.77117092714
2644.7141760852, 2665.50744931103, 381.260171352561, 25.5086393249734, 2258.7386386335
54.8613260241788, 85.9638044487437, -96.4961686692614, -21.0438582127335, 203.503831330739
95.8565380840745, 95.8565380840745, -77.0717309579627, -50.0, 222.928269042037
4314.84679131185, 4968.56542312025, 662.340036306753, 179.780898760492, 4126.44448805301
214.495301613454, 405.638083505159, 59.2957904527011, -12.9534974002432, 359.295790452701
796.778101546437, 1098.62684240229, 404.313421201147, -10.0, 704.313421201147
40.4278667137141, 40.4278667137141, -104.786066643143, -50.0, 195.213933356857
1608.79251754431, 1714.76770104023, 414.584802101586, -7.7547948300396, 1307.93769376868
2618.02901431742, 3078.18471530813, 583.205745029286, 53.187407206128, 2441.79156307271
383.458699385078, 442.040740762873, 78.2557252889878, -14.4707098151022, 378.255725288988
2677.62809478153, 3255.42810215816, 648.900003688316, 48.8814047390765, 2557.64669373077
3280.52059217225, 3354.94996715226, 408.818312924359, 49.3656670651772, 2896.76598716273
181.724449239223, 665.526522901957, 184.329947175415, -3.13337144887284, 484.329947175415
32.8206480342201, 84.0885613818173, -100.5968636078, -14.7177114025827, 199.4031363922
93.9258419747099, 201.155230076302, -46.6970895629483, -5.45059079780161, 253.302910437052
668.24967522394, 931.745064184537, 323.105822595996, -14.4665810074553, 623.105822595996
526.518340660215, 580.47225808895, 152.815732305444, -25.1592065219374, 452.815732305444
180.556959542374, 245.0935130601, -16.1426520406609, -22.6211828585783, 283.857347959339
175.043508055585, 379.97010222042, 44.9850511102101, -10.0, 344.98505111021
88.542699943801, 185.863400352417, -43.8699295849694, -26.3967404776441, 256.130070415031
87.3265436480589, 228.486547831537, -35.7567260842313, 0.0, 264.243273915769
1638.03283892882, 2689.75878831224, 876.232111290154, 7.36472828659644, 1806.16194873549
564.202775324913, 1062.33044828165, 391.165224140826, -20.0, 691.165224140826
275.453475432257, 357.939992424156, 26.7610695374222, 4.41785334931172, 326.761069537422
241.254348048279, 407.369674469886, 58.684837234943, -10.0, 358.684837234943
2907.54199444503, 4963.5675788061, 1063.56847498849, 91.9733601662181, 3808.02574365139
46.1350348565461, 176.289925315071, -64.545170048795, 5.3802654126614, 235.454829951205
1302.00819674964, 1370.52059500832, 399.25619912934, -20.0, 991.264395878982
53.3365939470255, 74.0216115130395, -92.9891942434802, -40.0, 207.01080575652
334.262296066714, 481.809783249965, 92.1068304307205, -2.40387761147622, 392.10683043072
815.554490891077, 1430.68585675339, 565.342928376696, 0.0, 865.342928376696
288.261902562969, 760.535633133933, 225.267816566967, 10.0, 525.267816566967
360.176063552708, 1059.37624638711, 371.963201816632, 15.4498427538475, 671.963201816632
490.868837334107, 505.28757414553, 122.643787072765, -40.0, 422.643787072765
2155.34082341144, 2838.80049767289, 691.729837130723, 42.767041170572, 2104.30361937159
6227.79606703957, 6238.54501061952, 380.374471789976, 150.0, 5708.17053882955
6506.88892442235, 8386.13109159842, 553.666952636284, 186.796233990286, 7645.66790497185
708.109519494009, 1293.78607275738, 489.38024592562, 15.0255809061369, 789.38024592562
166.263765717575, 290.336642208512, -8.35508882096937, 7.04681985045055, 291.644911179031
244.280899070682, 391.600642814001, 55.8003214070003, -20.0, 355.800321407
1538.02285386649, 2023.64633950123, 597.81174281737, 1.90114269332442, 1423.93345399053
3187.4640756797, 3847.4483620728, 689.99214319655, 74.3732037839848, 3083.08301509226
198.508327841448, 322.367982548383, 21.8758633486897, -21.3837441489961, 321.87586334869
201.533710510158, 253.983170592489, -13.0084147037555, -20.0, 286.991585296245
2005.97297730906, 3327.49429207884, 1015.76065738489, 25.298648865453, 2286.4349858285
2195.44695957435, 2554.9930135409, 534.773026983276, 34.7723479787175, 1985.44763857891
179.28115132486, 276.768532914233, 3.44368894756153, -30.1188449808905, 303.443688947562
8212.47325264949, 8313.34692913156, 412.235287501969, 167.157615492998, 7733.95402613659
398.445234448473, 619.663367828711, 154.990050357169, 9.68326711437281, 454.990050357169
48.8037898632744, 136.81748509985, -75.9018266938282, -11.3788615124933, 224.098173306172
461.079546788894, 654.594470228988, 182.297235114494, -10.0, 482.297235114494
197.415018111937, 407.481882943742, 49.9414850030604, 7.59891293762106, 349.94148500306
27.6943111376585, 97.2652241873329, -101.367387906334, 0.0, 198.632612093666
347.79107955663, 406.709570882901, 64.8223514333555, -22.9351319838103, 364.822351433355
21.5604984769556, 41.1288580694047, -113.748259249662, -31.3746234312721, 186.251740750338
917.727436361961, 962.154506264637, 346.077253132319, -30.0, 646.077253132319
979.803525394182, 1147.73529018235, 438.867645091176, -30.0, 738.867645091176
1060.37545976172, 1342.51555882732, 506.070049532801, -20.0, 856.445509294518
374.814956462037, 588.133301442337, 154.066650721168, -20.0, 454.066650721168
100.275679992977, 185.388810558731, -52.1942296204573, -10.2227302003543, 247.805770379543
786.67380260627, 976.526736920559, 339.642281306139, -2.75782569172003, 639.642281306139
151.172293424101, 159.272430475788, -49.4138532879495, -41.8998629483132, 250.58614671205
48.918236888566, 107.422625110153, -81.2886874449237, -30.0, 218.711312555076
7238.88030807535, 8131.61621683328, 801.367954378961, 190.0, 7140.24826245432
59.8107271203144, 103.902635152235, -82.8439025641741, -30.4095597194173, 217.156097435826
69.3256136571211, 134.221073471447, -66.3896999230712, -32.999526682411, 233.610300076929
490.82166140188, 808.767080770537, 259.383540385269, -10.0, 559.383540385269
977.704581138506, 2046.44664283007, 874.032151713765, -1.61766059746214, 1174.03215171377
1025.29341434205, 1145.17019526734, 429.938390462644, -30.0, 745.231804804696
57.9670134742164, 141.434382144516, -64.2828089277422, -30.0, 235.717191072258
5589.87926270825, 5671.20624267432, 401.376712077511, 178.573555811049, 5091.25597478576
112.355552904935, 225.332539897204, -32.333730051398, -10.0, 267.666269948602
274.097152043314, 491.969332793532, 93.1281166156649, 5.71309956220191, 393.128116615665
195.213520552482, 327.948605808626, 23.9743029043129, -20.0, 323.974302904313
584.803036156813, 881.914679237741, 293.372761742153, -4.83084424656405, 593.372761742153
858.21209439229, 1086.94606325169, 404.573394676952, -22.2007261022109, 704.573394676952
3119.80942677902, 3440.22375281117, 515.207163016071, 80.9904713389511, 2844.02611845614
3671.04602204514, 4620.65197766052, 832.032417903073, 104.093420911493, 3684.52613884596
8222.37264932627, 11964.7875262632, 1383.07012110142, 245.774087232908, 10335.9433179289
817.120181531793, 1103.9726006529, 396.986300326448, 10.0, 696.986300326448
94.1405594337886, 123.825827546729, -76.0625968429175, -24.0489787674361, 223.937403157082
528.018005682077, 829.737383755893, 274.868691877947, -20.0, 574.868691877947
125.640041401728, 156.16052744458, -56.91973627771, -30.0, 243.08026372229
77.772805121358, 198.535373010608, -49.7724327426396, -1.91976150411256, 250.22756725736
399.050622120331, 618.899081608456, 174.449540804228, -30.0, 474.449540804228
2697.21635670136, 3544.6863945815, 779.881908925291, 57.5670378646245, 2707.23744779159
5159.03078901236, 6250.09670436656, 909.591559663518, 160.490875078383, 5180.01426962466
1330.45296551062, 1346.15811988895, 380.0, -34.2948456216746, 1000.45296551062
48.5474413594875, 55.6401752481174, -100.726279320256, -42.9072661113702, 199.273720679744
22.4426927887994, 47.6643023520884, -109.570163956542, -33.1953697348272, 190.429836043458
125.874383619081, 165.585922604552, -47.2070386977239, -40.0, 252.792961302276
6466.23690010417, 8741.68814347382, 917.829724250619, 201.181708656437, 7622.67671056677
1512.12754214575, 1658.5648178861, 430.173313356704, -3.30297386577243, 1231.69447839516
160.727513521287, 377.443725744429, 33.7218628722145, 10.0, 333.721862872215
480.704841310819, 563.0430273401, 134.551969199651, -6.06091105920125, 434.551969199651
7368.36352626526, 8060.93777325748, 701.287123496112, 190.0, 7169.65064976137
134.876744754303, 258.868922849383, -4.02825876287574, -33.0745596248654, 295.971741237124
31.682101126518, 61.6606193462899, -104.169690326855, -30.0, 195.830309673145
2421.68260534657, 3651.29072387211, 897.660022839504, 33.6165638403285, 2720.01413719227
1854.36016763411, 4313.0610206759, 1219.40390299995, 35.2126607337998, 3058.44445694215
924.486606194619, 1173.38020865021, 442.783707367429, -12.1872060846525, 742.783707367429
89.8233088046428, 116.494143158045, -80.0883455976786, -23.3291656465975, 219.911654402321
603.512511282456, 633.333198845309, 179.73651867233, -26.1398384993515, 479.73651867233
110.031118701557, 150.502514483815, -59.7487427580927, -30.0, 240.251257241907
90.4887991298859, 150.663777193354, -59.6681114033232, -30.0, 240.331888596677
111.91553003271, 207.538848196707, -46.2305759016466, 0.0, 253.769424098353
220.646399156162, 360.197352512179, 35.0986762560895, -10.0, 335.09867625609
2323.22923202706, 2505.91120263213, 451.340985302538, 31.1614616013529, 2023.40875572824
1287.70847508572, 1660.02024297545, 527.759528839788, 26.7927102101568, 1105.46800392551
405.844685518932, 634.218371772331, 172.109185886165, -10.0, 472.109185886165
85.3620351833201, 189.286445362046, -43.7564575891345, -23.2006394596848, 256.243542410865
17.7602935566084, 53.7827198695537, -115.833081854403, -14.5511164216395, 184.166918145597
1468.99817575918, 1644.31401912038, 435.26803585908, 14.7797716430432, 1194.26621161826
107.619188410813, 153.905650094576, -58.047174952712, -30.0, 241.952825047288
40.9084941277459, 57.1465412538774, -101.426729373061, -40.0, 198.573270626939
27.4193050839532, 50.6824774207222, -108.059583993971, -33.1983545913365, 191.940416006029
196.181884352855, 280.812360510024, 0.40618025501183, -20.0, 300.406180255012
365.928447843414, 833.815368779178, 262.560157416637, 8.69505394590343, 562.560157416637
30.8614352850959, 54.7558351141237, -102.622082442938, -40.0, 197.377917557062
21.4902982654918, 21.4902982654918, -114.254850867254, -50.0, 185.745149132746
65.6729572109642, 243.193608082775, -28.4031959586125, 0.0, 271.596804041387
674.051870760202, 1088.39743919084, 404.19871959542, -20.0, 704.19871959542
303.880444370573, 612.821139008634, 163.186816081193, -13.5524931537512, 463.186816081193
279.931812768621, 711.950984875392, 210.975492437696, -10.0, 510.975492437696
987.811635328746, 1964.69088558468, 825.031752790382, 14.6273800039198, 1125.03175279038
103.871900161031, 160.098202520179, -64.5169220132125, -10.8679534533963, 235.483077986787
103.043438265652, 170.815250953427, -63.654200325893, -1.87634839478728, 236.345799674107
8789.67522373421, 8882.15016196867, 405.118507112682, 182.2379240091, 8294.79373084689
102.387287194597, 239.359464073917, -19.4503962616679, -21.7397434027469, 280.549603738332
1346.79957617013, 2764.47205966903, 908.609351508645, 0.0, 1855.86270816038
1816.89259143864, 1901.66565814179, 405.257731691921, -6.3617004289582, 1502.76962687883
925.080649280271, 1016.02756781348, 363.547669119264, -11.0677704250455, 663.547669119264
128.41294729733, 288.809496724965, -5.20407819061426, -0.782346893806383, 294.795921809386
26.7764988243347, 43.0703180044841, -111.611750587833, -33.7061808198506, 188.388249412167
20.0485823936212, 39.0785592955418, -114.556453712283, -31.8085332798921, 185.443546287717
237.526815163052, 326.845018133165, 23.4225090665824, -20.0, 323.422509066582
2696.54364877298, 3033.87850166351, 504.909730093154, 68.1563858049727, 2460.81238576538
89.4425982444136, 176.016639258131, -50.3901062440937, -23.203148253682, 249.609893755906
307.275182113154, 329.275781312449, 29.6378906562244, -30.0, 329.637890656224
2536.47871230106, 2664.01355271304, 428.767420205992, 31.823935615053, 2203.422196892
407.032787374931, 511.330504613878, 121.967800407282, -32.605096200686, 421.967800407282
2748.08874798027, 2832.80438021593, 412.357816117831, 32.4044373990135, 2388.04212669909
90.5845199742843, 147.547341579499, -66.2263292102505, -20.0, 233.773670789749
144.728329895535, 396.054960009544, 53.0274800047717, -10.0, 353.027480004772
2303.53136379803, 3437.09019041693, 905.00075242686, 27.3610846231791, 2504.72835336689
9892.12006101551, 11114.2815587738, 976.080748879138, 170.0, 9968.20080989465
162.45636893401, 348.82268669501, 39.411343347505, -30.0, 339.411343347505
424.922661449913, 694.670625725393, 201.291553348432, -7.91248097147116, 501.291553348432
201.689993581465, 389.645506185799, 46.3887903020026, -3.13207441820646, 346.388790302003
193.536279721154, 388.70936483457, 39.3546824172851, 10.0, 339.354682417285
45.9015013031595, 129.753241393193, -83.5149406082001, -3.21687739040628, 216.4850593918
8381.13880927682, 8381.13880927682, 380.0, 140.0, 7861.13880927682
600.398419268766, 924.264329921266, 308.730775674335, 6.80277857259685, 608.730775674335
832.253566556631, 940.321423257181, 326.763803133887, -13.2061830105936, 626.763803133888
6655.99847205758, 8082.29024071458, 1069.14754290021, 187.996682856584, 6825.14601495779
69.4105985393363, 300.070567535678, -4.96471623216095, 10.0, 295.035283767839
155.375563497621, 289.929353295472, -3.98071061364341, -2.10922547724139, 296.019289386357
6834.87391822108, 7685.40742014326, 776.63587038117, 197.261761159839, 6711.50978860225
1758.54045011465, 1869.85120052349, 416.035612705896, 2.16654750277888, 1451.64904031481
49.5431507579774, 99.2588083092001, -90.3705958454, -20.0, 209.6294041546
1836.92768389554, 1940.22958845242, 416.650952278441, -3.153615805223, 1526.7322519792
630.860667134354, 1249.01554492683, 474.514706608418, -0.0138682900083605, 774.514706608418
293.251473345199, 618.73194032689, 174.365970163445, -30.0, 474.365970163445
164.246140589399, 308.65081373141, 12.5240923736047, -16.3973710157992, 312.524092373605
19.1700621727893, 40.1471921637965, -109.926403918102, -40.0, 190.073596081898
147.242873672956, 164.905776073529, -47.5471119632358, -40.0, 252.452888036764
249.470515131513, 896.044205942892, 294.443899336791, 7.15640726930932, 594.443899336791
12.4470467972563, 32.0873135941274, -117.71216793828, -32.4883505293134, 182.28783206172
37.8909504700713, 168.730631937322, -74.5783434297537, 17.8873187968295, 225.421656570246
7087.73472221067, 15262.3745346912, 1477.23022142625, 399.199617113184, 13385.9446961518
8111.34407955309, 8953.02954366589, 785.142412404051, 159.855830981751, 8008.03130028009
107.113159996419, 273.442875501354, -3.27856224932316, -20.0, 296.721437750677
260.496756878401, 606.061450530791, 168.030725265396, -30.0, 468.030725265396
2487.05986738154, 3635.82830223115, 917.897198840458, 47.7189142180493, 2670.21218917264
1216.22714686643, 1880.15842553366, 695.16683782395, -16.4023969806747, 1201.39398469038
18.935457432651, 25.8850302089584, -115.532271283674, -43.0504272236926, 184.467728716326
230.68289663147, 415.794594263339, 59.3340466814767, -2.87349909961402, 359.334046681477
878.876666720546, 1411.96215657536, 561.77391951941, -11.5856824634574, 861.77391951941
1113.42045357838, 2235.37727138917, 891.730561203144, -10.0, 1353.64671018603
4217.47296452252, 4412.67241120236, 448.057546503228, 144.958001899513, 3819.65686279962
348.814483272886, 612.465034261923, 153.936477137672, 4.59207998657919, 453.936477137672
815.376347876038, 1067.63193772339, 382.240871370169, 3.15019498305127, 682.240871370169
607.742128121592, 1153.41881560494, 428.309795826568, -3.20077604819373, 728.309795826568
2049.06984131484, 2426.06767178902, 553.498915237089, 7.45349206574205, 1865.11526448619
189.297051412787, 291.364161788648, -4.31791910567586, 0.0, 295.682080894324
6225.20027871691, 6299.41202202262, 407.105871652857, 160.0, 5732.30615036976
1689.96780292693, 1997.51013237381, 518.771164723438, -10.5016098536534, 1489.24057750402
407.555184087961, 837.723883437885, 254.736627508996, 28.2506284198936, 554.736627508996
52.6905800162709, 111.877773473868, -79.0611132630658, -30.0, 220.938886736934
342.796741433651, 687.889945472876, 196.910082260355, -5.93021904783293, 496.910082260355
578.644206132731, 1149.63532705874, 436.407095203747, -23.1788633487565, 736.407095203747
13.5659726325101, 13.5659726325101, -118.217013683745, -50.0, 181.782986316255
3125.94628067338, 3270.20378393832, 432.128751632467, 71.2973140336691, 2766.77771827218
1532.95459100151, 2044.34538344046, 612.851734291435, -2.66494659384674, 1434.15859574287
698.357623138879, 1079.31161159614, 409.655805798071, -40.0, 709.655805798071
76.2725535298637, 123.223976109797, -73.3880119451017, -30.0, 226.611988054898
104.224644778438, 215.218305932785, -35.68253366958, -13.4166267280549, 264.31746633042
3191.38319181306, 3349.97313423019, 424.604756992905, 103.94958802198, 2821.41878921531
185.66004798971, 364.919378621416, 37.501439070505, -10.0834995195941, 337.501439070505
2652.81706476321, 3591.03516824908, 820.345382610673, 65.1681915026886, 2705.52159413572
86.3248777663515, 86.3248777663515, -81.8375611168242, -50.0, 218.162438883176
266.424137812561, 628.302921955192, 175.255616414736, -22.2083108742792, 475.255616414736
779.960608535109, 1456.26687564933, 564.196334837573, 27.8742059741838, 864.196334837573
382.928944668603, 541.1960318842, 123.193470998746, -5.19091011329097, 423.193470998746
37.0749190040184, 54.7200160578541, -102.639991971073, -40.0, 197.360008028927
188.949907108999, 334.160811697573, 28.7745390009785, -23.3882663043836, 328.774539000978
2349.04682122858, 2477.77112965481, 424.362154213111, 32.4523410614292, 2020.95663438027
351.082308854827, 806.427793885975, 258.213896942988, -10.0, 558.213896942988
0.0, 0.0, -120.0, -60.0, 180.0
161.920728560327, 312.779060535562, 21.389530267781, -30.0, 321.389530267781
2281.21058303812, 2726.48857441645, 572.638995689163, 49.0605291519059, 2104.78904957538
40.957624496844, 73.0048337571718, -98.4975831214141, -30.0, 201.502416878586
87.4586880300747, 159.078806949702, -54.0799173730463, -32.7613583042054, 245.920082626954
1240.20797943415, 1911.52411360332, 389.264429281722, -5.13934510923561, 1527.39902943084
531.671630088984, 558.78786260011, 145.437821512757, -32.0877804254036, 445.437821512757
15.0035096338419, 15.0035096338419, -117.498245183079, -50.0, 182.501754816921
171.303935657165, 201.131536843172, -34.4342315784139, -30.0, 265.565768421586
282.133814215707, 318.149244361318, 19.0746221806591, -20.0, 319.074622180659
86.6439961936983, 209.354615261414, -33.9205851118514, -22.804214514883, 266.079414888149
12.175990208427, 12.175990208427, -118.912004895787, -50.0, 181.087995104214
150.599787507116, 187.532920622968, -45.4259971380153, -21.615085101001, 254.574002861985
69.0690744337877, 115.028578997871, -77.4857105010645, -30.0, 222.514289498935
104.230865804143, 282.300277646968, -3.0486613541197, -11.6023996447924, 296.95133864588
2781.23020017197, 2817.8224098364, 388.714651134189, 33.2244174046483, 2395.88334129756
5095.92008110582, 5134.95833163592, 391.083400221178, 146.667454143044, 4597.2074772717
1963.5185926476, 2195.1344297266, 443.261837595929, 4.73156381286705, 1747.1410283178
930.719561556779, 1354.55907369965, 542.279536849827, -30.0, 842.279536849827
74.0445712927894, 151.430068820554, -59.284965589723, -30.0, 240.715034410277
1877.6699977721, 2041.50427219662, 432.705411214321, 27.3069518844848, 1581.49190909781
26.682791767015, 39.9702993457745, -110.014850327113, -40.0, 189.985149672887
1790.88021346312, 3120.57769510721, 1006.16234095972, 41.9168103977946, 2072.49854374969
347.231021267003, 460.312832313954, 91.0980395976565, -21.8832468813585, 391.098039597657
29.9093585463475, 49.4520001849737, -108.672540512741, -33.2029187895443, 191.327459487259
2920.01527176539, 3964.73061980289, 873.784042527899, 78.1480265699623, 3012.79855070502
430.843421108197, 539.011045671605, 124.505522835802, -10.0, 424.505522835802
390.372994161942, 498.301806660439, 114.150903330219, -30.0, 414.150903330219
28.0387780592412, 35.1666258277322, -110.980610970379, -42.872152231509, 189.019389029621
5977.31604929167, 9101.4582252926, 896.720741428708, 252.992408936924, 7951.74507492696
308.199699466387, 483.717295745285, 103.793261793582, -23.8692278418799, 403.793261793582
138.431249349367, 159.973038984212, -55.013480507894, -30.0, 244.986519492106
231.722228960899, 401.98615098984, 52.2024725950597, -2.41879420027903, 352.20247259506
272.139064783158, 469.359506432108, 84.7150481903499, -0.0705899485917687, 384.71504819035
53.7401011478337, 123.102872173104, -86.7641008741916, -3.36892607851228, 213.235899125808
751.9916267467, 1122.57720571419, 406.288602857092, 10.0, 706.288602857092
11.5550301306199, 45.2166300364768, -115.660059722866, -23.4632505177915, 184.339940277134
182.451088417012, 333.777724502804, 23.0943183170493, -12.4109121312949, 323.094318317049
582.977128178853, 1086.69400336215, 384.654829737247, 17.3843438876531, 684.654829737247
183.618605689518, 524.714794349406, 103.960490362229, 16.7938136249477, 403.960490362229
21.9617140241083, 29.7474550083857, -114.019142987946, -42.2142590157226, 185.980857012054
59.1126784587197, 110.41995747011, -79.7900212649449, -30.0, 220.209978735055
46.498454207248, 122.333784804754, -82.1125847751718, -13.4410456449025, 217.887415224828
701.063173566943, 785.019952965968, 243.333242773856, -1.64653258174501, 543.333242773856
53.2921327531934, 101.121458917327, -83.5403925625609, -31.7977559575512, 216.459607437439
160.740924401542, 330.23292325681, 35.1164616284052, -40.0, 335.116461628405
1328.89120008708, 2994.98195244295, 996.321761367053, -20.1868803022998, 2018.8470713782
280.186551950699, 364.857163328354, 52.4285816641772, -40.0, 352.428581664177
68.076298137646, 186.310205470709, -60.2423836193617, 6.79497270943274, 239.757616380638
3505.49049979922, 3736.40830112679, 490.458900663786, 60.2745249899609, 3185.67487547304
5138.71556067012, 5561.72679580521, 552.362491117012, 183.350090678559, 4826.01421400964
6504.65636557309, 7079.89287083924, 634.214792195266, 206.806920875612, 6238.87115776836
45.7063974989837, 71.0206443631887, -101.38466508484, -26.2100254671312, 198.61533491516
158.440188532907, 211.846935679212, -32.733382985652, -22.6862983494839, 267.266617014348
95.9855986523856, 180.698119790999, -49.3240474018584, -20.6537854052842, 250.675952598142
427.406672604273, 466.112085271933, 94.174194611271, -22.2363039506087, 394.174194611271
2886.59545172586, 2964.53192276829, 400.05962444612, 57.146994736484, 2507.32530358569
881.136652776966, 1073.86244477954, 386.931222389769, 0.0, 686.931222389769
19.3288276694311, 59.0347946694944, -112.02325324518, -16.918698840146, 187.97674675482
1421.9450834357, 2005.05695057517, 653.159319009591, -13.2067708797083, 1365.10440244529
241.609778555444, 431.44590300535, 61.9951139171421, 7.45567517106555, 361.995113917142
0.0, 0.0, -120.0, -60.0, 180.0
2652.32710431586, 2874.62564755956, 473.791098054954, 42.3327023495817, 2358.50184715502
253.498690112867, 425.544394704199, 68.9875124109913, -12.4306301177835, 368.987512410991
370.473583743055, 719.244823498037, 226.221982391821, -33.1991412856046, 526.221982391821
4915.79664762833, 7720.90872802228, 938.358100304262, 218.709626370688, 6563.84100134733
155.460288957988, 418.606049482032, 64.3030247410159, -10.0, 364.303024741016
379.433734109969, 624.739415413237, 168.396155616308, -12.0528958193788, 468.396155616308
24.8633671346371, 68.764407799698, -104.858862464522, -21.5178672712575, 195.141137535478
72.7870455461014, 139.962321865218, -65.0188390673911, -30.0, 234.981160932609
489.908519260284, 951.30074315895, 320.650371579475, 10.0, 620.650371579475
1101.10748078593, 1275.83570988483, 443.635446129644, -2.5426631603918, 834.742926915574
25.6744610236702, 43.7544356075223, -108.122782196239, -40.0, 191.877217803761
91.1412618578455, 161.046269149868, -54.4768654250663, -30.0, 245.523134574934
4648.63708912981, 6241.42477886069, 915.787328279047, 137.49250611513, 5188.14494446652
150.186656604333, 342.565196979659, 12.4765223988641, 17.6121521819309, 312.476522398864
71.2631307189996, 159.47438012289, -68.07567671334, -4.37426645043025, 231.92432328666
327.85128852615, 353.964226181049, 43.5778738851367, -33.1915215892239, 343.577873885137
66.700962445363, 137.675990576875, -77.8654900750069, -6.59302927311164, 222.134509924993
1856.68271473651, 2725.91892482622, 789.891611892861, 17.2871220408214, 1918.74019089254
77.4038790843094, 157.618290751495, -68.5561858942296, -5.26933746004558, 231.44381410577
934.049354260159, 934.049354260159, 342.02467713008, -50.0, 642.02467713008
336.160484317896, 506.183222414926, 113.091611207463, -20.0, 413.091611207463
136.75585174286, 291.886566722562, -7.25943341170301, 6.40543354596842, 292.740566588297
8.04021114323053, 8.04021114323053, -120.0, -51.9597888567695, 180.0
37.9845798474544, 137.692465703455, -78.2483638711788, -5.81080655418699, 221.751636128821
118.686803505769, 254.958446244768, -12.520776877616, -20.0, 287.479223122384
571.138102575527, 851.37222518133, 285.686112590665, -20.0, 585.686112590665
1135.71277762113, 1459.60954577394, 521.948384076402, -10.0, 947.661161697535
22.5091256473247, 53.8468079682132, -112.470205115149, -21.2127818014885, 187.529794884851
12.4045982911087, 19.5265135381823, -118.797700854446, -42.8780847529264, 181.202299145554
25.7253569684182, 75.4512600392018, -102.274369980399, -20.0, 197.725630019601
251.400266751726, 508.916041810784, 101.961316067052, 4.99340967667912, 401.961316067053
2672.56500634583, 3450.92874354674, 451.666731934524, 76.5242203891249, 2922.73779122309
220.288173615823, 284.276659551336, -1.26204274840818, -13.1992549518473, 298.737957251592
309.839983898263, 328.599244697442, 34.6320016637204, -40.6647586299986, 334.63200166372
4511.19052734462, 4571.02141269504, 399.915442675213, 120.559526367231, 4050.5464436526
466.825468609101, 663.991876136277, 173.598166202861, 16.7955437305549, 473.598166202861
1471.63893357693, 1792.962679937, 522.055815401921, -12.7878844437749, 1283.69474897885
218.433345601477, 526.621308971221, 103.31065448561, 20.0, 403.31065448561
11.2287705547096, 19.9286078938236, -119.385614722645, -41.300162660886, 180.614385277355
469.213737893839, 783.919529913665, 241.959764956833, 0.0, 541.959764956833
285.134890302852, 536.83950920946, 125.198453190869, -13.5573971722788, 425.198453190869
648.921640975944, 1028.82053213698, 364.410266068488, 0.0, 664.410266068488
82.5440052865273, 185.256527402076, -51.8795109796734, -10.9844506385771, 248.120489020327
543.510661286364, 631.905299420063, 175.952649710032, -20.0, 475.952649710031
139.837446325635, 276.002859270655, -6.99857036467253, -10.0, 293.001429635327
95.9594495596426, 211.333674029673, -41.1296566044063, -6.40701276151478, 258.870343395594
69.1300089757604, 94.8891434997664, -86.3295167476728, -32.451823004888, 213.670483252327
1928.00111837022, 2190.45577898866, 486.855223459267, 11.8372666035063, 1691.76328892589
597.45262068084, 644.440366659346, 183.341037062994, -22.2417074666412, 483.341037062994
1932.96093767392, 3182.77274019227, 911.571016513804, 11.6480468836962, 2259.55367679477
898.780482089225, 1910.5089482577, 796.850577219064, 16.8077938195749, 1096.85057721906
260.740742886677, 260.740742886677, 5.37037144333871, -50.0, 305.370371443339
402.518968225652, 553.86245261497, 136.931226307485, -20.0, 436.931226307485
443.07686681445, 850.537382656945, 280.268691328473, -10.0, 580.268691328473
768.352105691185, 2233.2645023444, 971.632251172202, -10.0, 1271.6322511722
938.231825719919, 1437.90175157101, 570.22095358212, -2.54015559322782, 870.22095358212
432.946370222466, 656.64088153577, 183.320440767885, -10.0, 483.320440767885
10.7873567687563, 18.1036401023723, -119.606321615622, -42.683716666384, 180.393678384378
41.5432708766605, 126.14042649038, -81.1764556749784, -11.5066621596628, 218.823544325022
594.638709195341, 1237.02277123229, 479.314110561113, -21.6054498899325, 779.314110561113
108.958358259591, 214.269564470366, -37.8652177648172, -10.0, 262.134782235183
813.483513149976, 839.977581217253, 289.988790608627, -40.0, 589.988790608627
922.342483555428, 983.471860962634, 351.735930481317, -20.0, 651.735930481317
290.944812179117, 392.375669712802, 57.3831690833223, -22.3906684538425, 357.383169083322
201.206297245073, 309.81132947035, 9.90566473517483, -10.0, 309.905664735175
369.491061968453, 406.989595527075, 60.8598910766802, -14.7301866262856, 360.85989107668
1746.00651598658, 2634.81780828273, 795.294662198045, 20.5222936993873, 1819.0008523853
48.1443657114287, 65.6694916099397, -97.1652541950302, -40.0, 202.83474580497
939.454371643371, 978.623131369711, 352.109787687991, -25.5964440062703, 652.109787687991
262.833933826344, 414.347767974192, 72.1738839870959, -30.0, 372.173883987096
1253.98386422299, 2669.06164914192, 973.915609187062, -30.0, 1725.14603995486
66.1003477152223, 77.3485184474683, -91.3257407762658, -40.0, 208.674259223734
976.013771577251, 1050.62742940714, 382.063627083997, -13.4998247608585, 682.063627083997
45.6463903572113, 106.246561114011, -86.8767194429943, -20.0, 213.123280557006
5829.86327895916, 5955.60711402845, 424.976287759319, 175.79125955065, 5354.83956671848
9866.20167291195, 10300.9828082275, 572.390567657766, 190.0, 9538.59224056972
3531.33810072857, 4214.38276273558, 707.679429357434, 79.2527083285709, 3427.45062504957
27.1172032749163, 42.875547929035, -111.441398362542, -34.2416553458813, 188.558601637458
46.5511789863097, 46.5511789863097, -101.724410506845, -50.0, 198.275589493155
128.410556682758, 229.901929818814, -30.0490350905932, -10.0, 269.950964909407
561.821618967618, 609.604866962874, 169.802433481437, -30.0, 469.802433481437
317.99759691635, 412.565729221724, 62.8789712735437, -13.1922133253637, 362.878971273544
66.3309008667494, 131.993313097185, -82.3309017050381, -3.34488349273936, 217.669098294962
332.392546420301, 385.748649056513, 49.477117010767, -13.2055849650211, 349.477117010767
3792.79771434013, 7102.53746811863, 1399.17010181871, 116.360368474664, 5587.00699782526
94.7920132547862, 187.721271948546, -45.3529512492352, -21.5728255529832, 254.647048750765
1164.34351467853, 2066.29980122786, 825.978143274667, -40.0, 1280.3216579532
2465.56671773968, 2516.69332573294, 396.527686850664, 16.3495701789143, 2103.81606870336
24.9081882389347, 81.3622214740502, -99.3188892629749, -20.0, 200.681110737025
183.883191561381, 320.673666302924, 5.73363780843458, 9.20639068605529, 305.733637808435
860.448360265467, 955.382225982276, 328.805092748994, -2.22795951571248, 628.805092748995
89.9143414844007, 278.554310647922, -15.0245571632686, 8.60342497445917, 284.975442836731
0.0, 0.0, -120.0, -60.0, 180.0
1571.30735110658, 2330.46878566338, 736.994720912659, -1.26263971318689, 1594.73670446391
147.557098002128, 348.706815186438, 34.3534075932188, -20.0, 334.353407593219
2962.4397168535, 3005.70026123723, 387.602500716672, 51.1775287930617, 2566.9202317275
41.0836428995285, 57.5294948995126, -104.458178550236, -33.5541480000159, 195.541821449764
984.797635957256, 1032.7218495623, 381.360924781148, -30.0, 681.360924781148
39.3552167080651, 115.602814122388, -91.8049770979051, -0.787231681802174, 208.195022902095
306.236849876148, 594.457398478285, 132.228699239143, 30.0, 432.228699239143
25.7181076433211, 75.309197820691, -100.748536484964, -23.1937292093813, 199.251463515036
2894.41560080046, 3062.3962473106, 453.990323255069, 39.7207800400231, 2568.68514401551
58.4645814310443, 133.905489194591, -83.0472554027043, 0.0, 216.952744597296
1871.35393099288, 3557.10570474527, 1192.8758868762, 28.5676965496438, 2335.66212131943
5433.64237221971, 5467.64592902996, 387.71954674932, 158.564463311606, 4921.36191896903
494.747569559673, 711.355577231281, 210.67778861564, -10.0, 510.67778861564
1548.11312802954, 2097.75771966889, 565.260705885138, 26.014575405203, 1506.48243837855
25.2163199643287, 57.5426578100682, -110.53378400642, -21.3897741770913, 189.46621599358
2049.42654322201, 2300.23406372939, 482.697217072571, 22.8844135233354, 1794.65243313348
369.355913017095, 460.103132309565, 90.0515661547826, -20.0, 390.051566154783
22.4339617450484, 76.8319866389031, -101.584006680548, -20.0, 198.415993319452
78.1481678905147, 173.881992904945, -63.0328226892118, -0.0523617166317757, 236.967177310788
9.05949848786317, 24.4987395834384, -117.280379452212, -40.9405015121368, 182.719620547788
5502.43703443467, 9792.45729437286, 1467.85965524129, 275.557469590345, 8049.04016954122
293.04904205335, 367.206139154993, 48.6030695774965, -30.0, 348.603069577497
188.564121282263, 418.229591639893, 65.2750734948818, -12.3205553498707, 365.275073494882
3333.52132597733, 3688.46052558222, 532.469599802447, 91.6760662988663, 3064.31485948091
2450.72532338166, 2768.23135466141, 524.506907495033, 26.0284824587674, 2217.69596470761
2587.73676607129, 2687.85764172953, 420.060437829119, 24.3868383035646, 2243.41036559685
14.8207609450832, 22.6223942940879, -117.589619527458, -42.1983666509953, 182.410380472542
404.684076307126, 647.849952291561, 174.308006254981, -0.766060218399825, 474.308006254981
77.113908981823, 125.173356002432, -80.0753576671996, -14.6759286631688, 219.9246423328
4410.66956185888, 7128.65080902636, 1422.43579617567, 183.030236010821, 5523.18477683987
398.296005124463, 436.419263463444, 83.2096317317217, -30.0, 383.209631731722
667.963183825588, 860.674477920161, 295.337238960081, -30.0, 595.337238960081
8286.5141777371, 8400.77630738823, 428.73369975987, 156.79473013139, 7815.24787749697
3926.96369063428, 4172.12074608403, 422.890869029276, 117.316950401274, 3631.91292665348
28.449763472016, 85.4135645263901, -104.804738923825, -4.9769576259592, 195.195261076175
4830.84566449221, 8093.26705031545, 1222.01388666755, 246.00677595438, 6625.24638769353
45.1559661298542, 53.4085277795249, -102.422016935073, -41.7474383503293, 197.577983064927
117.851553125097, 191.751759116004, -52.1093946755834, -4.02945153282924, 247.890605324417
7869.76386195339, 7904.99077756493, 389.211243471566, 156.804428668407, 7358.97510542496
4134.37672839919, 4406.76872566928, 511.195998635044, 91.7188364199596, 3803.85389061428
56.4271900469479, 142.64108504884, -63.67945747558, -30.0, 236.32054252442
547.431280667588, 1129.50418816197, 406.594487844676, 16.3152124726205, 706.594487844676
114.887277839764, 286.113721284857, 3.89454267852323, -21.6753640721891, 303.894542678523
1549.53566012253, 3051.71428092836, 387.785268505439, 52.267647550332, 2611.66136487258
74.3468341265881, 185.038948129904, -47.4805259350478, -20.0, 252.519474064952
817.538210634339, 967.192124635714, 336.004010345201, -4.81589605468841, 636.004010345201
32.285045563649, 57.3334178678772, -105.946861934883, -30.7728582623574, 194.053138065117
7629.39499940317, 9024.46501336295, 1040.44652131002, 214.176971339743, 7769.84152071319
2239.53987326903, 3956.34775523786, 906.228329473137, 34.1445477949477, 3015.97487796977
55.5058735077404, 163.502561880975, -58.2487190595127, -20.0, 241.751280940487
514.023394088237, 1032.02468479647, 371.012342398233, -10.0, 671.012342398233
59.3235338008265, 157.627768159667, -63.588504645872, -15.1952225485892, 236.411495354128
236.903957142819, 550.367592831464, 125.183796415732, 0.0, 425.183796415732
9466.75836089389, 10345.5260380279, 784.383838567007, 210.0, 9351.1421994609
124.263625384739, 187.651880516875, -41.1740597415626, -30.0, 258.825940258437
576.396849492781, 831.771944425503, 282.402139779132, -33.0323351327617, 582.402139779132
924.403825004917, 975.998954530869, 352.999477265434, -30.0, 652.999477265434
3750.63202408935, 3861.9373891595, 422.252051496447, 89.3328632817285, 3350.35247438133
4758.63902485043, 4943.0488491041, 453.033650231463, 151.274475033267, 4338.74072383937
66.8286354624655, 66.8286354624655, -91.5856822687672, -50.0, 208.414317731233
158.59312470834, 226.859347222651, -24.9614354243231, -23.2177819287028, 275.038564575677
2750.64626405816, 3386.27498795971, 667.548711901395, 63.0588782078462, 2655.66739785047
67.5107652338803, 158.040272128063, -68.8840046299802, -4.19171861197705, 231.11599537002
177.419198949737, 319.299300243377, 29.6496501216886, -40.0, 329.649650121689
829.542138105817, 1520.44626898757, 615.223134493785, -10.0, 915.223134493785
396.328158007317, 720.322977582459, 215.16148879123, -10.0, 515.16148879123
115.701010746327, 303.193728441577, -12.2170837062274, 27.6278958540322, 287.782916293773
544.74805261774, 692.040355566024, 197.529040410242, -3.01772525445943, 497.529040410242
6350.02559151069, 6559.648037049, 479.811222769151, 150.0, 5929.83681427985
89.7821219981339, 168.635261507529, -50.6823692462356, -30.0, 249.317630753764
2190.79549116308, 2307.63782084565, 426.086888814802, 9.20832661112335, 1872.34260541973
791.85526004651, 800.332370179578, 270.927630023255, -41.5228898669317, 570.927630023255
57.6593489033453, 152.919766127111, -68.5401169364447, -10.0, 231.459883063555
1267.25339971226, 1398.9805801833, 424.028169801415, -6.32915913179155, 981.281569513679
432.490291441758, 654.977685646256, 182.488842823128, -10.0, 482.488842823128
45.6808552571861, 110.601564380161, -88.1026644365417, -13.1931067467554, 211.897335563458
308.575574339638, 429.015211986822, 81.1088199691518, -33.2024279514818, 381.108819969152
2311.22491241093, 2976.99731130527, 693.333132766772, 29.6673789813346, 2253.99679955716
137.904314379416, 224.720892398035, -27.6395538009827, -20.0, 272.360446199017
2564.57162788998, 2715.88201328641, 445.655192698215, 23.228581394499, 2246.9982391937
7.90172874073142, 7.90172874073142, -120.0, -52.0982712592686, 180.0
6540.51061629058, 10818.2461682569, 960.79342443768, 318.807435154549, 9538.64530866469
78.4216614857253, 118.62565586608, -79.3224037007221, -22.7295367324757, 220.677596299278
6314.79270442087, 6850.6756735393, 623.927504105636, 188.027960907159, 6038.7202085265
26.1153421220884, 26.1153421220884, -111.942328938956, -50.0, 188.057671061044
978.302538270103, 2417.22726262865, 1043.89502852404, 29.4372055805628, 1343.89502852404
1037.8239101879, 1325.67073761882, 503.923413715458, -10.0, 831.74732390336
9765.82722079961, 11277.119447474, 966.130955095858, 188.182736220197, 10122.805756158
424.230999508403, 530.705703591949, 120.352851795974, -10.0, 420.352851795974
37.8827740387262, 73.0206053268387, -98.4896973365807, -30.0, 201.510302663419
1778.96288359738, 2638.02303179484, 781.621342531605, 19.7656073141209, 1836.63608194912
32.4223788932653, 113.890072502648, -86.4561446684493, -13.197638160453, 213.543855331551
78.694879367841, 231.034529880252, -24.482735059874, -20.0, 275.517264940126
820.959596637931, 1462.50371679216, 582.851621692119, -3.1995265920762, 882.851621692119
83.560189272936, 94.532376214565, -82.7338118927175, -40.0, 217.266188107282
3744.98836265718, 3804.11034675072, 383.198382176257, 98.3975447797977, 3322.51441979466
15.6146239004498, 29.2519139893144, -117.192688049775, -36.3627099111354, 182.807311950225
682.923747916643, 767.253083179761, 245.069637324748, -22.8861914697354, 545.069637324748
197.634931162813, 485.179267819073, 93.916267858034, -2.65326789699472, 393.916267858034
275.599394911462, 482.961417785482, 101.480708892741, -20.0, 401.480708892741
6434.84780182066, 6627.76507116939, 466.458634674367, 160.0, 6001.30643649503
42.7261110031936, 89.3767772821544, -94.501842272333, -21.6195381731797, 205.498157727667
65.6392152675064, 130.7944496216, -68.1792579069074, -32.8470345645853, 231.820742093093
292.403924717852, 317.983943001405, 21.7655713327348, -25.5471996640649, 321.765571332735
5789.97476826774, 5866.58437730249, 403.304804517373, 170.0, 5293.27957278511
113.648082511448, 377.137237675349, 29.4138149227819, 18.3096078297851, 329.413814922782
7.17187479044869, 7.17187479044869, -120.0, -52.8281252095513, 180.0
238.006125500249, 559.09983439461, 125.235365522209, 8.62910335019177, 425.235365522209
49.2737146541652, 72.2591150955266, -93.8704424522367, -40.0, 206.129557547763
1701.61765794611, 2485.66765880491, 727.883370454676, 48.3641428467581, 1709.42014550348
32.1643359942599, 32.1643359942599, -108.91783200287, -50.0, 191.08216799713
5408.31497175244, 7053.56210859732, 1104.72982888785, 205.656159908924, 5743.17611980054
157.25605145487, 237.56063499702, -33.930866452986, 5.42236790299163, 266.069133547014
3519.61347515452, 3556.83775469889, 384.219423733551, 79.7661058349956, 3092.85222513035
1176.01332879195, 1283.55164691452, 428.769159061285, -40.0, 894.782487853236
417.020536244583, 829.183017420537, 274.591508710269, -20.0, 574.591508710269
421.311766103246, 797.372420246775, 250.28832995151, -3.20423965624499, 550.28832995151
1380.27896564353, 1925.99778781001, 637.859411083239, -20.0, 1308.13837672677
505.779400432591, 1568.4897983935, 625.083010686263, 18.3237770209763, 925.083010686263
406.496104356512, 714.373955252541, 219.911692557461, -25.4494298623816, 519.911692557461
14.161536685507, 39.8960088765255, -115.051995561737, -30.0, 184.948004438263
265.983334515957, 323.204353605375, 26.6021768026877, -30.0, 326.602176802688
8.89977539582735, 16.5801362515213, -120.0, -43.4198637484787, 180.0
161.157026048416, 194.12002373704, -41.5193307110744, -22.8413148408116, 258.480669288926
74.0882572189525, 114.945883320802, -77.3988389239526, -30.2564388312929, 222.601161076047
3387.95869724933, 5455.67427350516, 929.521635440326, 96.8315501312252, 4429.3210879336
25.0829739264863, 37.0660424191015, -111.466978790449, -40.0, 188.533021209551
880.134363276423, 2374.75190958736, 1039.13938191082, -13.1377734717432, 1348.75030114828
210.045859230026, 367.766772689371, 48.8833863446854, -30.0, 348.883386344685
192.858733610451, 317.328638290459, 10.2648182274478, -3.20099816443688, 310.264818227448
140.916108149276, 201.241098244293, -43.882657184208, -10.9935873872909, 256.117342815792
685.491194839558, 1089.93426427936, 394.967132139681, 0.0, 694.967132139681
74.3545947203163, 110.151032646985, -84.3744012313677, -21.1001648902798, 215.625598768632
507.127916860676, 1323.94681237259, 502.718608889624, 18.5095945933397, 802.718608889624
56.8939452603369, 137.517322485274, -81.788767308776, 1.09485710282561, 218.211232691224
33.9301908667729, 56.2737209057963, -106.718233353564, -30.289812387076, 193.281766646436
405.910398737412, 449.976293800951, 87.6345877804812, -25.2928817600116, 387.634587780481
0.0, 0.0, -120.0, -60.0, 180.0
6858.98070373124, 6888.2097806329, 382.677741106677, 163.873594688309, 6341.65844483791
580.2621204642, 596.325003500308, 165.1310602321, -33.9371169638918, 465.1310602321
734.816324855982, 878.783920627184, 299.391960313592, -20.0, 599.391960313592
5257.44991042753, 5888.63636547243, 675.59322752245, 177.872495521376, 5035.1706424286
14.0588256445602, 28.2032912156737, -117.97058717772, -35.8555344288866, 182.02941282228
6833.15421741602, 7538.4287625554, 704.241084433504, 196.792376272378, 6637.39530184952
2050.1139863244, 2919.02877420324, 800.101259173547, -2.05868720719258, 2120.98620223689
1048.86196491493, 1608.0600930437, 615.409119153011, -10.0, 1002.65097389069
13.9757098640359, 13.9757098640359, -118.012145067982, -50.0, 181.987854932018
641.62029630871, 1034.08280825824, 357.041404129119, 20.0, 657.041404129119
21.7848919182842, 56.1242661775137, -111.605717869035, -20.6642980844161, 188.394282130965
607.029598355234, 883.334105276131, 298.139232472147, -12.9443596681631, 598.139232472147
6673.15116805411, 6814.87500931359, 430.851748751051, 170.0, 6214.02326056254
99.1110826510088, 126.6147055426, -74.4505478918163, -24.4841986737672, 225.549452108184
138.292037281266, 258.422351868292, -14.2813019582354, -13.0150442152372, 285.718698041765
455.148124060926, 455.148124060926, 102.574062030463, -50.0, 402.574062030463
2208.37389102897, 4867.2229227063, 1432.64883788279, 26.5962623470365, 3407.97782247648
782.53428570719, 1501.52439477988, 610.76219738994, -20.0, 910.76219738994
6720.10677203838, 10797.1934226779, 935.293093683014, 301.825023163672, 9560.07530583117
7375.9535355808, 9246.75874902237, 1263.81927631138, 196.30028681077, 7786.63918590022
320.417937586294, 681.534884478985, 175.767442239493, 30.0, 475.767442239493
42.8321639563287, 87.7328211697661, -91.1335894151169, -30.0, 208.866410584883
778.598747464063, 995.190102118508, 367.595051059254, -40.0, 667.595051059254
176.003201702755, 343.649628378995, 21.8248141894977, 0.0, 321.824814189498
4793.0557520651, 5046.80753862761, 474.859793406581, 178.684987352606, 4393.26275786842
162.568961035125, 219.177286550898, -29.6323017760043, -21.558109897093, 270.367698223996
156.731245208576, 245.534239276337, -12.2328803618313, -30.0, 287.767119638169
85.0075699618411, 173.206520377814, -61.7965459675131, -3.20038768715986, 238.203454032487
380.194959753849, 991.13978053737, 325.569890268685, 40.0, 625.569890268685
686.62454463699, 1108.87885529585, 402.402901739834, 4.07305181617831, 702.402901739834
8427.91860780153, 9777.21130342568, 883.34288410762, 188.566924994611, 8705.30149432345
75.7745069218242, 122.045834577037, -77.6041899033014, -22.7457856163602, 222.395810096699
614.077862974004, 758.406137048763, 239.203068524381, -20.0, 539.203068524381
450.233135515384, 1042.43964503505, 361.219822517525, 20.0, 661.219822517525
860.335099139475, 2123.40415909251, 898.182406353911, 27.0393463846895, 1198.18240635391
52.1056700542442, 59.5317405122431, -98.9471649728779, -42.5739295420012, 201.052835027122
90.333650770707, 123.164964028358, -73.417517985821, -30.0, 226.582482014179
4708.91819610263, 5087.99084003223, 549.536321964799, 150.445909805131, 4388.0086082623
6926.59545914402, 7351.85115501476, 572.62784793537, 180.0, 6599.22330707939
3739.20416361888, 5020.05627606019, 936.623821857542, 118.521023054703, 3964.91143114795
20.858539840908, 39.2066498270846, -110.396675086458, -40.0, 189.603324913542
4604.8174032023, 4637.02750316832, 386.105049983007, 125.240870160115, 4125.68158302519
5845.40711288923, 9631.4392814347, 1038.03612887255, 295.997995540019, 8297.40515702213
3928.16813496062, 4517.22404419711, 654.527954618244, 111.408406748031, 3751.28768283083
312.889270294203, 417.90075622747, 59.3392289968965, -0.777701766322784, 359.339228996897
140.93749054497, 261.553294216294, -12.3307884685744, -13.785128846557, 287.669211531426
33.3620437399844, 57.7846933808135, -96.1076533095933, -50.0, 203.892346690407
73.1164577203851, 186.913898153169, -49.944154425603, -13.1977929956246, 250.055845574397
32.2966235100429, 69.9019997958499, -99.6488053900389, -30.8003894240722, 200.351194609961
39.4712263500993, 87.2117036959572, -100.806323890293, -11.1756485234571, 199.193676109707
64.0827739562336, 148.427414016477, -64.1884375633639, -23.1957108567947, 235.811562436636
82.4108822608439, 229.159786916134, -25.4201065419332, -20.0, 274.579893458067
695.011224019396, 1360.47206716025, 517.321158386083, 25.8297503880886, 817.321158386083
195.753526067846, 469.053799447433, 66.3657029440669, 36.3223935592988, 366.365702944067
172.898772103601, 209.813465231404, -23.4975248730384, -43.1914850225189, 276.502475126962
5726.21253097077, 6419.90957536997, 698.037372376329, 197.622299646535, 5524.2499033471
107.052741812213, 257.903078568614, -6.04846071569283, -30.0, 293.951539284307
238.831011597634, 308.437651656571, 19.2188258282854, -30.0, 319.218825828285
10.5716571318056, 17.801584468595, -119.714171434097, -42.7700726632106, 180.285828565903
132.156827205659, 208.935168225181, -40.5324158874094, -10.0, 259.467584112591
1193.65488451914, 1495.98274478149, 502.13552701901, 8.05680622432869, 985.790411538148
2185.0701485795, 2425.89711243913, 478.536444724629, 21.399726675232, 1925.96094103927
40.4363557540648, 82.3578564853097, -97.1097103106886, -23.4227228933132, 202.890289689311
4770.58769933885, 4980.95457347454, 456.780349844377, 170.335559413871, 4353.83866421629
63.2553169328384, 98.2290876898877, -88.8155970155667, -24.1397182789789, 211.184402984433
150.430605503436, 294.920797856876, 0.141210856811017, -5.36162385674611, 300.141210856811
1453.42202125628, 1793.73032220287, 520.154150473294, 10.0, 1263.57617172958
268.440884785909, 313.909240680523, 26.9546203402613, -40.0, 326.954620340261
514.779101411744, 620.665192297585, 170.332596148792, -20.0, 470.332596148792
288.313781156167, 319.360393561044, 25.8522774402812, -32.3441613195189, 325.852277440281
1643.34132002958, 3002.68709162279, 953.013845757323, 40.5477068930199, 2009.12553897245
1243.15908697936, 2141.01864091468, 808.95647034385, -10.0533867523882, 1342.11555732321
145.270977510564, 306.838198852961, 10.7594930977865, -14.6807873426123, 310.759493097787
9165.87262294179, 9350.36141318279, 462.352696681223, 159.783396878557, 8728.22531962301
635.960577063872, 952.591507636907, 320.069213503596, 12.4530806297142, 620.069213503596
522.21168333035, 560.964245530953, 145.482122765476, -30.0, 445.482122765476
10.1121685056512, 18.6055393059967, -119.943915747174, -41.5066291996544, 180.056084252826
4011.72316448749, 7401.7778634843, 893.750039064597, 222.922871047978, 6285.10495337173
40.6926685496739, 105.755594455285, -87.1222027723577, -20.0, 212.877797227642
437.152133484157, 634.870210373147, 165.904001785708, 3.06220680173175, 465.904001785708
2243.82678933012, 2282.91209088977, 387.684216098487, 10.908208829183, 1884.3196659621
45.6158255077607, 148.079750739576, -65.9601246302119, -20.0, 234.039875369788
180.068989152223, 337.38906886019, 28.6945344300952, -20.0, 328.694534430095
9252.21706863678, 10509.5594179913, 969.406088631203, 218.530172092121, 9321.62315726798
176.84291641815, 296.883203638696, 3.44160181934792, -10.0, 303.441601819348
76.6520778181922, 178.838184908269, -54.6573530600289, -11.8471089716728, 245.342646939971
2721.29770663586, 2733.27315592644, 380.98772464529, 21.064885331793, 2331.22054594936
6855.50700251005, 7942.39674646412, 908.444871977035, 170.0, 6863.95187448709
1854.63741134204, 1908.26116457342, 396.811876615687, -12.268129432898, 1523.71741739063
83.4397279553853, 220.498482228061, -38.1641852512182, -3.17314726950236, 261.835814748782
386.263372928669, 662.949056596441, 187.834500919457, -12.7199452424737, 487.834500919457
181.475946599386, 309.826293602968, 19.9131468014841, -30.0, 319.913146801484
4852.94599991812, 5614.59139917169, 740.822699626784, 157.647299995906, 4716.121399549
1073.43261964335, 1172.27158881171, 402.829409171653, 3.18015082505327, 766.262028815008
6252.39151274233, 8077.62312927145, 935.986472604436, 208.162933566012, 6933.473723101
4971.83757929003, 6267.79041460637, 881.537395940916, 150.38742238676, 5235.86559627869
12.0556022988621, 41.8875778684181, -117.458426811033, -23.1955685095169, 182.541573188968
56.3257552433527, 103.271390645154, -83.3643046774231, -30.0, 216.635695322577
185.472549562279, 254.216750994091, -22.0708677736416, -1.64151345862568, 277.929132226358
4633.85146892656, 4702.19460615232, 404.17156861288, 126.692573446328, 4171.33046409312
32.4640282716927, 75.5492013489535, -102.225399325523, -20.0, 197.774600674477
0.0, 0.0, -120.0, -60.0, 180.0
0.0, 0.0, -120.0, -60.0, 180.0
4820.76466852233, 5688.54393452047, 779.604751958627, 184.607995507, 4724.33118705484
5190.5502519458, 5574.76695136638, 547.10834971029, 184.52751259729, 4843.1310890588
249.146172957293, 429.205725585383, 74.6028627926914, -20.0, 374.602862792691
46.3106031481526, 188.238731980103, -60.8806340099484, 10.0, 239.119365990052
361.723933335952, 727.634241499042, 218.817120749521, -10.0, 518.817120749521
7487.09413706066, 7881.14175409663, 529.512037707438, 195.364580108334, 7156.26513628086
476.761088469976, 822.547911925824, 271.273955962912, -20.0, 571.273955962912
314.984615937751, 383.124213818254, 46.562106909127, -10.0, 346.562106909127
239.191147281687, 287.95701348243, 3.97850674121514, -20.0, 303.978506741215
